true_label,prob_class_0,prob_class_1,prob_class_2
2,0.380188,0.0809289,0.538883
2,0.100173,0.254186,0.645641
0,0.18472,0.746426,0.0688545
0,0.986582,0.0131527,0.000265551
1,0.100854,0.593643,0.305503
0,0.171335,0.563406,0.265259
1,0.113537,0.148329,0.738134
1,0.0435459,0.415962,0.540492
2,0.480664,0.463126,0.0562102
2,0.579375,0.177408,0.243216
2,0.281946,0.276027,0.442027
1,0.845252,0.128175,0.0265727
0,0.226318,0.732181,0.0415005
0,0.900584,0.0982065,0.00120971
2,0.170762,0.201361,0.627876
0,0.788741,0.0884843,0.122775
1,0.135531,0.114193,0.750276
1,0.522042,0.290925,0.187034
1,0.0915179,0.830468,0.0780137
2,0.797246,0.162202,0.0405517
1,0.270016,0.0600421,0.669942
1,0.73549,0.0770767,0.187434
1,0.254067,0.517128,0.228805
0,0.175235,0.824532,0.000233316
0,0.909685,0.00844966,0.0818654
0,0.515986,0.182799,0.301215
1,0.123651,0.791966,0.0843828
0,0.189065,0.272424,0.53851
2,0.469883,0.492967,0.0371504
0,0.181591,0.210736,0.607673
0,0.280993,0.555798,0.16321
1,0.0992613,0.0751666,0.825572
1,0.883864,0.0948789,0.0212574
0,0.0756389,0.0556498,0.868711
0,0.228676,0.435734,0.33559
0,0.732019,0.229554,0.0384275
1,0.518216,0.106261,0.375523
1,0.503465,0.0893342,0.4072
0,0.34883,0.0013588,0.649811
1,0.107414,0.50566,0.386926
0,0.295009,0.627822,0.0771687
2,0.302508,0.6166,0.0808918
0,0.303507,0.696448,4.45664e-05
2,0.0972873,0.0206718,0.882041
1,0.263178,0.416311,0.320511
0,0.524923,0.0908198,0.384257
1,0.240274,0.611426,0.1483
1,0.537624,0.262017,0.20036
0,0.184804,0.71219,0.103007
2,0.0479713,0.302388,0.64964
1,0.618629,0.141926,0.239445
2,0.216282,0.720986,0.0627322
1,0.00580833,0.0819616,0.91223
0,0.14267,0.243838,0.613493
1,0.39718,0.523182,0.0796379
0,0.521585,0.411887,0.0665281
1,0.289713,0.60093,0.109357
0,0.545632,0.356347,0.0980213
0,0.653408,0.137014,0.209578
1,0.145269,0.578922,0.275809
2,0.47641,0.380763,0.142827
2,0.464442,0.0725659,0.462992
1,0.996214,0.00215435,0.00163109
2,0.541758,0.367084,0.0911578
0,0.122001,0.715982,0.162017
1,0.593125,0.0926369,0.314238
1,0.975533,0.024371,9.56865e-05
1,0.184568,0.771731,0.0437009
1,0.290121,0.335069,0.37481
1,0.103774,0.723929,0.172297
2,0.585189,0.075559,0.339252
1,0.476413,0.358429,0.165158
1,0.179272,0.690627,0.130101
2,0.111597,0.353848,0.534555
2,0.463241,0.476014,0.0607454
2,0.766515,0.230379,0.00310598
1,0.378077,0.271777,0.350145
1,0.521579,0.390207,0.0882137
1,0.280218,0.259865,0.459917
1,0.0542796,0.721226,0.224494
1,0.115739,0.125712,0.758549
1,0.20156,0.155007,0.643433
0,0.223876,0.734231,0.0418926
1,0.145594,0.119957,0.734449
0,0.208812,0.679862,0.111327
0,0.476953,0.276342,0.246706
0,0.349868,0.500187,0.149945
0,0.805234,0.0690446,0.125721
2,0.498832,0.00361277,0.497555
0,0.946775,0.0514933,0.00173114
2,0.168022,0.279959,0.552019
1,0.0969267,0.856039,0.0470341
0,0.325457,0.479623,0.19492
0,0.0583342,0.791993,0.149673
0,0.290574,0.594862,0.114563
1,0.375967,0.198925,0.425107
1,0.453071,0.512928,0.034001
2,0.0854066,0.68354,0.231054
0,0.328996,0.568282,0.102722
0,0.477968,0.34929,0.172742
1,0.66249,0.267227,0.0702837
2,0.476748,0.142178,0.381075
2,0.251105,0.360914,0.387982
0,0.00209007,0.156059,0.841851
0,0.996708,0.00253793,0.000753853
0,0.414182,0.526273,0.0595452
2,0.432975,0.353859,0.213166
2,0.108037,0.62706,0.264903
2,0.953818,0.00670669,0.039475
1,0.144927,0.0295856,0.825487
1,0.24246,0.452127,0.305413
0,0.235438,0.200687,0.563875
2,0.0952257,0.602137,0.302638
1,0.0131575,0.0450503,0.941792
1,0.205128,0.256515,0.538357
0,0.846923,0.121208,0.0318689
1,0.183129,0.775682,0.0411885
1,0.863468,0.116884,0.0196481
1,0.0798111,0.901095,0.019094
1,0.641743,0.33439,0.0238674
1,0.0655209,0.849386,0.0850934
0,0.174598,0.646731,0.178672
0,0.757226,0.0382418,0.204532
0,0.631108,0.324114,0.0447779
1,0.0118732,0.0438646,0.944262
1,0.777051,0.186692,0.0362576
1,0.731094,0.0846207,0.184285
2,0.377426,0.593206,0.0293676
0,0.223609,0.0465847,0.729807
1,0.548128,0.266305,0.185567
1,0.458858,0.476056,0.0650853
1,0.749241,0.208709,0.0420498
0,0.0230888,0.036197,0.940714
1,0.15345,0.292056,0.554494
2,0.21433,0.611907,0.173762
1,0.732282,0.0224177,0.2453
2,0.0418286,0.930034,0.0281378
1,0.513486,0.15701,0.329503
1,0.775399,0.207995,0.0166054
1,0.00180975,0.269116,0.729075
1,0.270441,0.347173,0.382386
0,0.699971,0.165312,0.134717
2,0.276064,0.491687,0.232249
1,0.405649,0.539039,0.0553113
1,0.226152,0.0731157,0.700733
1,0.00447046,0.130826,0.864703
0,0.173149,0.598491,0.22836
0,0.944948,0.0356309,0.0194208
1,0.210864,0.328034,0.461103
1,0.64399,0.324611,0.0313993
2,0.807022,0.135454,0.0575242
1,0.478112,0.183248,0.33864
1,0.391766,0.466439,0.141795
1,0.477635,0.457923,0.0644424
1,0.361904,0.533796,0.1043
0,0.123944,0.75537,0.120687
0,0.453304,0.211593,0.335103
2,0.792667,0.115813,0.0915202
2,0.257904,0.0177894,0.724307
1,0.0968212,0.814128,0.0890509
0,0.336559,0.0918658,0.571575
0,0.108628,0.469382,0.421991
2,0.496515,0.450565,0.0529205
1,0.288758,0.0393053,0.671936
2,0.286122,0.425657,0.288221
1,0.134898,0.0377214,0.827381
0,0.867658,0.120546,0.0117957
1,0.260995,0.249392,0.489613
0,0.217651,0.698718,0.0836303
1,0.603704,0.354246,0.0420501
0,0.21766,0.720045,0.0622943
0,0.0780838,0.778797,0.143119
0,0.590996,0.407081,0.00192296
1,0.46768,0.24789,0.28443
0,0.735036,0.149121,0.115842
0,0.155286,0.29904,0.545675
0,0.181318,0.151337,0.667345
1,0.554909,0.388972,0.0561186
0,0.46668,0.336592,0.196727
0,0.643254,0.337252,0.0194941
0,0.894108,0.000938072,0.104954
0,0.359119,0.363024,0.277857
0,0.132663,0.334864,0.532473
1,0.125292,0.196165,0.678543
1,0.228006,0.441758,0.330236
0,0.16395,0.654995,0.181055
1,0.394655,0.371383,0.233962
0,0.858404,0.0083752,0.133221
1,0.068212,0.846488,0.0853001
0,0.242131,0.231897,0.525971
0,0.464554,0.376681,0.158765
0,0.325719,0.657886,0.0163955
0,0.724472,0.0341649,0.241363
1,0.39525,0.406331,0.198419
1,0.323684,0.0538037,0.622512
0,0.526891,0.409735,0.0633736
1,0.126732,0.363865,0.509403
1,0.0142455,0.742629,0.243125
1,0.587175,0.210796,0.202029
2,0.726139,0.181293,0.0925678
0,0.257681,0.734575,0.00774443
1,0.96342,0.0348911,0.00168925
2,0.154496,0.633152,0.212353
1,0.508093,0.365709,0.126198
1,0.225374,0.320157,0.454469
1,0.771376,0.0663355,0.162288
2,0.289219,0.304992,0.405789
0,0.0587638,0.526649,0.414587
0,0.429378,0.358452,0.21217
0,0.999942,5.34613e-05,4.68431e-06
2,0.336113,0.467887,0.196
2,0.130833,0.741306,0.127861
0,0.190833,0.719286,0.0898811
1,0.0971249,0.549478,0.353397
2,0.253696,0.210633,0.535671
0,0.0348655,0.00832948,0.956805
1,0.405658,0.437811,0.156531
2,0.345307,0.415416,0.239277
2,0.364657,0.558235,0.0771077
2,0.19186,0.510309,0.297831
0,0.420828,0.211419,0.367753
1,0.176115,0.608756,0.215129
1,0.428525,0.324198,0.247277
0,0.300601,0.696761,0.00263862
0,0.548202,0.449369,0.00242894
1,0.133929,0.0798673,0.786203
1,0.351298,0.263627,0.385075
1,0.191173,0.225874,0.582953
0,0.230972,0.283039,0.48599
1,0.389437,0.3764,0.234163
0,0.804926,0.126516,0.0685582
0,0.0910519,0.891,0.0179476
0,0.144626,0.164949,0.690425
1,0.110266,0.443256,0.446477
1,0.126518,0.843363,0.0301193
0,0.988387,0.00660908,0.0050041
0,0.858228,0.116506,0.0252657
0,0.225646,0.538128,0.236226
1,0.140809,0.553881,0.30531
0,0.242687,0.476433,0.28088
