true_label,prob_class_0,prob_class_1,prob_class_2
2,0.225237,0.240173,0.53459
2,0.217159,0.314177,0.468664
0,0.371734,0.387389,0.240877
0,0.812555,0.144136,0.0433087
1,0.21989,0.379276,0.400834
0,0.0667245,0.048357,0.884919
1,0.182352,0.318717,0.498931
1,0.143228,0.271339,0.585433
2,0.419246,0.339674,0.241081
2,0.363528,0.296395,0.340077
2,0.256916,0.436638,0.306446
1,0.37514,0.377671,0.247189
0,0.34233,0.403037,0.254632
0,0.248171,0.290645,0.461184
2,0.147777,0.603126,0.249097
0,0.578416,0.270867,0.150716
1,0.29433,0.417439,0.288231
1,0.379987,0.335499,0.284514
1,0.288901,0.374935,0.336164
2,0.250691,0.376607,0.372702
1,0.347249,0.339637,0.313114
1,0.337542,0.346673,0.315785
1,0.12083,0.289135,0.590034
0,0.56377,0.402325,0.0339057
0,0.119322,0.815812,0.0648656
0,0.365516,0.448939,0.185545
1,0.220686,0.484446,0.294868
0,0.218403,0.177531,0.604066
2,0.510249,0.39403,0.0957201
0,0.471464,0.365198,0.163338
0,0.474614,0.282373,0.243013
1,0.173533,0.261133,0.565334
1,0.40991,0.411702,0.178389
0,0.4007,0.336903,0.262397
0,0.268114,0.391206,0.34068
0,0.271703,0.583136,0.145161
1,0.350697,0.41449,0.234813
1,0.308487,0.477351,0.214162
0,0.473197,0.190444,0.336359
1,0.292114,0.303568,0.404318
0,0.383235,0.390669,0.226095
2,0.350594,0.510453,0.138952
0,0.855228,0.128304,0.0164685
2,0.384166,0.289952,0.325882
1,0.243828,0.207216,0.548957
0,0.231469,0.358862,0.40967
1,0.14681,0.669037,0.184153
1,0.282327,0.483272,0.234401
0,0.159919,0.456826,0.383255
2,0.364881,0.401366,0.233753
1,0.375537,0.368623,0.25584
2,0.303465,0.263211,0.433323
1,0.429123,0.293432,0.277445
0,0.533343,0.156135,0.310522
1,0.214673,0.365111,0.420216
0,0.36565,0.442884,0.191465
1,0.323782,0.331306,0.344912
0,0.645274,0.206775,0.147951
0,0.487695,0.385079,0.127226
1,0.391397,0.386893,0.22171
2,0.253253,0.299444,0.447304
2,0.282989,0.380537,0.336474
1,0.519771,0.479961,0.000268084
2,0.517515,0.337382,0.145102
0,0.358703,0.400645,0.240651
1,0.371882,0.294907,0.333211
1,0.693774,0.26214,0.0440851
1,0.233554,0.511984,0.254462
1,0.355874,0.387775,0.256351
1,0.287925,0.288368,0.423707
2,0.308716,0.457949,0.233335
1,0.369288,0.391671,0.239041
1,0.144212,0.234291,0.621497
2,0.283593,0.414913,0.301494
2,0.227784,0.656329,0.115887
2,0.166984,0.801925,0.0310909
1,0.33536,0.370697,0.293943
1,0.267165,0.490387,0.242448
1,0.429218,0.317311,0.253472
1,0.476049,0.262227,0.261725
1,0.356153,0.344584,0.299263
1,0.430271,0.319807,0.249922
0,0.421122,0.459603,0.119275
1,0.251305,0.290131,0.458564
0,0.368276,0.385822,0.245902
0,0.476648,0.318745,0.204606
0,0.375119,0.393467,0.231413
0,0.527065,0.437121,0.0358144
2,0.438445,0.463822,0.097733
0,0.406107,0.516753,0.0771409
2,0.209823,0.370179,0.419998
1,0.215549,0.423394,0.361057
0,0.778514,0.197287,0.0241986
0,0.118589,0.371568,0.509843
0,0.252404,0.507701,0.239895
1,0.420371,0.306699,0.27293
1,0.334512,0.420491,0.244997
2,0.271609,0.270328,0.458063
0,0.529101,0.364524,0.106375
0,0.270423,0.499164,0.230414
1,0.466407,0.330177,0.203416
2,0.213257,0.694348,0.0923954
2,0.218358,0.386465,0.395177
0,0.278044,0.206358,0.515598
0,0.129782,0.848656,0.0215622
0,0.212293,0.502491,0.285216
2,0.405552,0.365074,0.229374
2,0.208008,0.50287,0.289122
2,0.592881,0.315673,0.0914461
1,0.318789,0.325028,0.356183
1,0.164363,0.295634,0.540002
0,0.436856,0.300018,0.263126
2,0.436316,0.327771,0.235913
1,0.403358,0.268498,0.328144
1,0.25429,0.286239,0.459472
0,0.573546,0.296954,0.1295
1,0.208947,0.381844,0.409209
1,0.207764,0.430509,0.361727
1,0.380587,0.369515,0.249899
1,0.396909,0.420761,0.182331
1,0.390586,0.438739,0.170675
0,0.280992,0.225185,0.493823
0,0.252188,0.243442,0.504369
0,0.257715,0.592006,0.150279
1,0.0878909,0.116945,0.795164
1,0.499835,0.228567,0.271598
1,0.585533,0.376172,0.038295
2,0.448431,0.416407,0.135162
0,0.246088,0.509595,0.244317
1,0.307259,0.217384,0.475358
1,0.307688,0.432775,0.259537
1,0.338232,0.576686,0.0850822
0,0.30119,0.274951,0.42386
1,0.278135,0.588486,0.13338
2,0.375892,0.355893,0.268215
1,0.288358,0.377304,0.334338
2,0.558942,0.26172,0.179338
1,0.258258,0.392399,0.349344
1,0.538372,0.438457,0.0231701
1,0.706757,0.260716,0.0325277
1,0.348297,0.266507,0.385196
0,0.302172,0.25922,0.438608
2,0.184572,0.317621,0.497807
1,0.369838,0.37066,0.259502
1,0.32499,0.531579,0.143431
1,0.759978,0.0816039,0.158418
0,0.510578,0.374094,0.115327
0,0.115231,0.802629,0.0821401
1,0.0828677,0.183372,0.73376
1,0.502417,0.444831,0.0527519
2,0.544553,0.32651,0.128937
1,0.493452,0.472818,0.0337296
1,0.656204,0.249253,0.094543
1,0.378014,0.42531,0.196676
1,0.329522,0.242741,0.427738
0,0.112788,0.506071,0.381141
0,0.377343,0.197302,0.425355
2,0.545574,0.30975,0.144676
2,0.0863593,0.269474,0.644167
1,0.290249,0.451846,0.257905
0,0.357081,0.453218,0.189701
0,0.127333,0.77451,0.0981578
2,0.227581,0.364145,0.408274
1,0.374848,0.469161,0.15599
2,0.211923,0.373221,0.414855
1,0.417562,0.383722,0.198715
0,0.249188,0.546804,0.204008
1,0.420528,0.32756,0.251913
0,0.274609,0.524242,0.201149
1,0.0926693,0.321373,0.585957
0,0.436748,0.426191,0.137061
0,0.392338,0.339426,0.268237
0,0.240075,0.508391,0.251534
1,0.374177,0.400596,0.225227
0,0.593859,0.264748,0.141393
0,0.27217,0.50216,0.225669
0,0.363796,0.474247,0.161957
1,0.440808,0.394971,0.164222
0,0.368109,0.3723,0.259591
0,0.537634,0.432313,0.0300526
0,0.269553,0.714516,0.0159309
0,0.294323,0.317251,0.388426
0,0.218477,0.353781,0.427742
1,0.275356,0.318853,0.405791
1,0.240866,0.522398,0.236736
0,0.389292,0.475526,0.135183
1,0.282343,0.487354,0.230303
0,0.603134,0.355838,0.0410277
1,0.270593,0.350104,0.379303
0,0.343091,0.344221,0.312688
0,0.21435,0.249572,0.536077
0,0.51349,0.359444,0.127065
0,0.538053,0.23829,0.223657
1,0.184691,0.253728,0.561581
1,0.373781,0.408526,0.217693
0,0.272655,0.451442,0.275903
1,0.210867,0.429218,0.359915
1,0.214852,0.244562,0.540586
1,0.343524,0.454023,0.202453
2,0.394853,0.391667,0.21348
0,0.464535,0.384966,0.150499
1,0.704324,0.2368,0.0588761
2,0.268642,0.276821,0.454537
1,0.452606,0.387635,0.159758
1,0.260782,0.358016,0.381203
1,0.275148,0.523077,0.201775
2,0.310523,0.443484,0.245993
0,0.0827109,0.21152,0.70577
0,0.21738,0.26454,0.51808
0,0.632709,0.344291,0.0229999
2,0.29679,0.433689,0.269521
2,0.214303,0.555983,0.229715
0,0.325522,0.354605,0.319873
1,0.270194,0.441661,0.288145
2,0.342691,0.362173,0.295135
0,0.390113,0.104508,0.505379
1,0.232199,0.372524,0.395276
2,0.35153,0.308023,0.340447
2,0.365634,0.309032,0.325334
2,0.214723,0.464641,0.320636
0,0.172324,0.334279,0.493397
1,0.245339,0.37767,0.376992
1,0.342987,0.243947,0.413067
0,0.50214,0.343035,0.154825
0,0.364927,0.49119,0.143883
1,0.249644,0.245573,0.504783
1,0.442762,0.385385,0.171853
1,0.394338,0.441214,0.164448
0,0.759279,0.189496,0.0512244
1,0.0742304,0.604236,0.321534
0,0.344179,0.319636,0.336185
0,0.391238,0.347271,0.261491
0,0.422613,0.151099,0.426288
1,0.261041,0.442593,0.296365
1,0.336779,0.402598,0.260623
0,0.273616,0.178279,0.548104
0,0.337009,0.31219,0.350801
0,0.492686,0.373487,0.133827
1,0.3006,0.428305,0.271095
0,0.326422,0.346812,0.326766
