true_label,prob_class_0,prob_class_1,prob_class_2
2,0.199799,0.246089,0.554112
2,0.244412,0.262334,0.493254
0,0.359039,0.246071,0.39489
0,0.487409,0.398363,0.114228
1,0.375518,0.388728,0.235754
0,0.374326,0.290925,0.334749
1,0.271519,0.527543,0.200939
1,0.427333,0.417329,0.155338
2,0.398409,0.376893,0.224697
2,0.197167,0.314608,0.488225
2,0.198826,0.374588,0.426586
1,0.351792,0.425685,0.222523
0,0.317331,0.429316,0.253352
0,0.536088,0.302504,0.161407
2,0.207634,0.347492,0.444874
0,0.4334,0.363311,0.203289
1,0.357463,0.45377,0.188767
1,0.353454,0.358542,0.288004
1,0.23648,0.507508,0.256011
2,0.351995,0.326204,0.321801
1,0.29075,0.391502,0.317749
1,0.359401,0.344372,0.296227
1,0.237379,0.470936,0.291685
0,0.472608,0.380593,0.146799
0,0.405862,0.358334,0.235805
0,0.383608,0.348935,0.267457
1,0.313177,0.465477,0.221346
0,0.38738,0.385916,0.226705
2,0.365943,0.376377,0.257681
0,0.452806,0.302521,0.244673
0,0.363112,0.365709,0.27118
1,0.207706,0.373139,0.419156
1,0.440939,0.390732,0.168329
0,0.163376,0.266082,0.570542
0,0.384813,0.431534,0.183653
0,0.35678,0.370977,0.272243
1,0.2965,0.296316,0.407184
1,0.432028,0.477997,0.0899749
0,0.416405,0.40297,0.180626
1,0.339851,0.440632,0.219517
0,0.286753,0.356127,0.35712
2,0.329583,0.420984,0.249433
0,0.545822,0.323288,0.13089
2,0.246586,0.414145,0.339269
1,0.404578,0.400537,0.194886
0,0.212862,0.356049,0.431089
1,0.22111,0.324696,0.454194
1,0.306792,0.344849,0.348359
0,0.302595,0.543154,0.154251
2,0.302285,0.522532,0.175183
1,0.4767,0.426022,0.0972776
2,0.266273,0.303923,0.429804
1,0.403378,0.330702,0.265921
0,0.328063,0.299161,0.372776
1,0.349271,0.406233,0.244496
0,0.282716,0.299454,0.41783
1,0.381221,0.358265,0.260514
0,0.354209,0.473583,0.172208
0,0.38802,0.428065,0.183915
1,0.349233,0.478968,0.171798
2,0.161251,0.346914,0.491836
2,0.368961,0.380859,0.25018
1,0.530291,0.271142,0.198567
2,0.417551,0.294233,0.288217
0,0.274173,0.483046,0.242781
1,0.401085,0.447233,0.151682
1,0.475336,0.375018,0.149646
1,0.402204,0.398903,0.198893
1,0.247305,0.363768,0.388927
1,0.378153,0.435142,0.186705
2,0.331375,0.432447,0.236178
1,0.319234,0.424443,0.256323
1,0.219552,0.309076,0.471372
2,0.293933,0.418592,0.287475
2,0.317961,0.396279,0.28576
2,0.393618,0.333558,0.272825
1,0.45846,0.342173,0.199367
1,0.311973,0.384657,0.30337
1,0.338276,0.442052,0.219672
1,0.35516,0.260321,0.384519
1,0.356561,0.46724,0.176199
1,0.267596,0.318689,0.413714
0,0.327745,0.360495,0.31176
1,0.303091,0.547794,0.149115
0,0.332731,0.505974,0.161295
0,0.502934,0.352112,0.144954
0,0.335981,0.292185,0.371834
0,0.365447,0.366489,0.268064
2,0.417226,0.281515,0.301259
0,0.453866,0.410437,0.135697
2,0.223355,0.425957,0.350688
1,0.195449,0.348606,0.455945
0,0.399144,0.327722,0.273135
0,0.150078,0.324321,0.525602
0,0.280313,0.510658,0.20903
1,0.403136,0.42636,0.170503
1,0.360064,0.417422,0.222514
2,0.227411,0.28532,0.487269
0,0.448156,0.388644,0.1632
0,0.333345,0.364193,0.302462
1,0.402434,0.428183,0.169383
2,0.420186,0.430226,0.149587
2,0.176336,0.466947,0.356717
0,0.43921,0.374377,0.186413
0,0.486515,0.373039,0.140446
0,0.350079,0.341886,0.308034
2,0.186275,0.233008,0.580717
2,0.264407,0.372935,0.362658
2,0.497265,0.29386,0.208874
1,0.366887,0.420447,0.212666
1,0.229429,0.475525,0.295046
0,0.296179,0.285564,0.418257
2,0.401168,0.328537,0.270295
1,0.429647,0.353596,0.216757
1,0.361443,0.388396,0.25016
0,0.338407,0.290258,0.371335
1,0.219252,0.452484,0.328264
1,0.311579,0.29798,0.390441
1,0.34003,0.440499,0.219471
1,0.421716,0.398744,0.17954
1,0.348645,0.419941,0.231414
0,0.331068,0.430794,0.238138
0,0.498287,0.421954,0.0797584
0,0.382652,0.321486,0.295862
1,0.296128,0.399698,0.304173
1,0.448144,0.45798,0.0938764
1,0.380443,0.435818,0.183739
2,0.3251,0.306353,0.368547
0,0.385659,0.437309,0.177032
1,0.296206,0.412837,0.290957
1,0.271002,0.48988,0.239118
1,0.329574,0.438159,0.232267
0,0.442431,0.3801,0.177469
1,0.278743,0.391694,0.329562
2,0.337252,0.342881,0.319867
1,0.293975,0.428847,0.277178
2,0.38787,0.423166,0.188964
1,0.380414,0.482029,0.137557
1,0.434439,0.3624,0.203161
1,0.48842,0.308218,0.203362
1,0.236938,0.444363,0.318699
0,0.398426,0.340436,0.261139
2,0.34787,0.379476,0.272654
1,0.31144,0.280056,0.408503
1,0.39749,0.43453,0.16798
1,0.427239,0.437132,0.135629
0,0.427032,0.382616,0.190352
0,0.409264,0.320964,0.269772
1,0.148044,0.370523,0.481433
1,0.353466,0.379927,0.266607
2,0.338878,0.33831,0.322812
1,0.403903,0.390079,0.206017
1,0.389486,0.379606,0.230907
1,0.383427,0.266119,0.350454
1,0.342557,0.360769,0.296674
0,0.29059,0.585597,0.123813
0,0.397333,0.377266,0.225401
2,0.422864,0.340783,0.236353
2,0.229432,0.345338,0.42523
1,0.382904,0.471112,0.145984
0,0.380915,0.411588,0.207497
0,0.33944,0.438408,0.222152
2,0.359349,0.278776,0.361875
1,0.398114,0.388939,0.212948
2,0.325711,0.375718,0.298571
1,0.447382,0.376258,0.17636
0,0.315364,0.406878,0.277758
1,0.327184,0.410183,0.262632
0,0.348517,0.317293,0.33419
1,0.360288,0.525562,0.11415
0,0.379152,0.450939,0.169909
0,0.358377,0.390298,0.251326
0,0.441912,0.407635,0.150453
1,0.38477,0.405223,0.210007
0,0.363445,0.311563,0.324992
0,0.410364,0.442247,0.147388
0,0.425695,0.406315,0.167991
1,0.424454,0.334258,0.241287
0,0.43151,0.415198,0.153291
0,0.296808,0.364265,0.338927
0,0.473658,0.367433,0.158909
0,0.337893,0.306312,0.355795
0,0.242545,0.431247,0.326208
1,0.353799,0.554637,0.091564
1,0.262583,0.385965,0.351453
0,0.46622,0.444045,0.0897349
1,0.376234,0.366648,0.257118
0,0.482343,0.347097,0.17056
1,0.181325,0.43706,0.381615
0,0.260281,0.299259,0.44046
0,0.115667,0.296361,0.587972
0,0.346549,0.413278,0.240172
0,0.392377,0.421038,0.186584
1,0.355549,0.41538,0.229071
1,0.361052,0.47004,0.168908
0,0.330088,0.373583,0.296329
1,0.351705,0.393009,0.255286
1,0.356586,0.448414,0.195001
1,0.314858,0.426137,0.259005
2,0.314387,0.239254,0.446359
0,0.291873,0.424525,0.283601
1,0.430359,0.357419,0.212222
2,0.13396,0.260884,0.605156
1,0.407653,0.291747,0.3006
1,0.360612,0.381465,0.257923
1,0.314099,0.390435,0.295465
2,0.46784,0.377146,0.155014
0,0.449514,0.365738,0.184748
0,0.416796,0.399966,0.183238
0,0.557907,0.276474,0.165619
2,0.29666,0.473357,0.229983
2,0.340607,0.426417,0.232976
0,0.302051,0.474056,0.223893
1,0.258639,0.498656,0.242705
2,0.274937,0.296468,0.428595
0,0.502157,0.35706,0.140784
1,0.292049,0.486954,0.220997
2,0.294263,0.432948,0.272789
2,0.252085,0.291756,0.45616
2,0.194268,0.460601,0.345132
0,0.329629,0.365753,0.304618
1,0.35692,0.34809,0.294989
1,0.3743,0.390341,0.235359
0,0.535513,0.348716,0.115771
0,0.396583,0.325008,0.278409
1,0.304401,0.448796,0.246803
1,0.313077,0.507507,0.179416
1,0.30017,0.349814,0.350016
0,0.503336,0.292252,0.204412
1,0.164416,0.308378,0.527205
0,0.336146,0.419147,0.244708
0,0.296317,0.343951,0.359731
0,0.457904,0.329042,0.213054
1,0.503154,0.328982,0.167863
1,0.22671,0.415698,0.357592
0,0.357547,0.340608,0.301845
0,0.426689,0.337051,0.23626
0,0.396777,0.381052,0.222171
1,0.345234,0.468525,0.186242
0,0.24197,0.329118,0.428912
